Element[0x0 "SOT23-95P-240L1-3N__On-Semi_318-08-Package" "" "" 0 0 3149 -9724 0 100 0x0]
(
   Pad[-3740 3866 -3740 4007 3007 2000 5007 "" "1" 0x0100]
   Pad[3740 3866 3740 4007 3007 2000 5007 "" "2" 0x0100]
   Pad[0 -4007 0 -3866 3007 2000 5007 "" "3" 0x0100]
   ElementLine[-6811 2755 -6811 -2755 1000]
   ElementLine[-6811 -2755 -3070 -2755 1000]
   ElementLine[6811 2755 6811 -2755 1000]
   ElementLine[6811 -2755 3070 -2755 1000]
   ElementLine[-606 2755 606 2755 1000]
   ElementArc[-3740 787 250 250 0 360 500]
   
)
