Element[0x0 "CAPMP-1000P-1750W-4000L__Powerstor_FC-Series" "" "" 0 0 -78740 -41448 0 100 0x0]
(
   Pad[-90551 12795 -90551 26574 15748 2000 17748 "" "1" 0x0100]
   Pad[-90551 -26574 -90551 -12795 15748 2000 17748 "" "2" 0x0100]
   ElementLine[-78740 34448 -78740 -34448 1000]
   ElementLine[-78740 -34448 78740 -34448 1000]
   ElementLine[78740 -34448 78740 34448 1000]
   ElementLine[78740 34448 -78740 34448 1000]
   ElementLine[-50000 19685 -50000 -19685 1000]
   ElementLine[-50000 -19685 50000 -19685 1000]
   ElementLine[50000 -19685 50000 19685 1000]
   ElementLine[50000 19685 -50000 19685 1000]
   ElementLine[-90551 36448 -90551 41448 1000]
   ElementLine[-93051 38948 -88051 38948 1000]
   ElementLine[-93051 -38948 -88051 -38948 1000]
   
)
