Element[0x0 "TH" "" "" 0 0 -13976 -29200 0 100 0x0]
(
   Pin[-6890 -3500 7500 2000 9500 5200 "" "1" 0x0101]
   ElementLine[-10827 19200 -10827 11326 1000]
   ElementLine[-10827 11326 -2953 11326 1000]
   ElementLine[-2953 11326 -2953 19200 1000]
   ElementLine[-2953 19200 -10827 19200 1000]
   ElementLine[-6890 -19200 -6890 -16200 1000]
   ElementLine[-8890 -19200 -4890 -19200 2000]
   ElementArc[-17976 15263 1000 1000 0 360 2500]
   Pin[6890 -3500 7500 2000 9500 5200 "" "2" 0x01]
   ElementLine[2953 19200 2953 11326 1000]
   ElementLine[2953 11326 10827 11326 1000]
   ElementLine[10827 11326 10827 19200 1000]
   ElementLine[10827 19200 2953 19200 1000]
   ElementLine[6890 -19200 6890 -16200 1000]
   ElementLine[4890 -19200 8890 -19200 2000]
   ElementLine[-13976 22200 -13976 -22200 1000]
   ElementLine[-13976 -22200 13976 -22200 1000]
   ElementLine[13976 -22200 13976 22200 1000]
   ElementLine[13976 22200 -13976 22200 1000]
)
