Element[0x0 "CON_DSUB_9F__AMP_747844" "" "" 0 0 -60650 26850 0 100 0x0]
(
   Pin[-21600 18200 7200 2000 9200 5200 "" "1" 0x0101]
   Pin[-10800 18200 7200 2000 9200 5200 "" "2" 0x01]
   Pin[0 18200 7200 2000 9200 5200 "" "3" 0x01]
   Pin[10800 18200 7200 2000 9200 5200 "" "4" 0x01]
   Pin[21600 18200 7200 2000 9200 5200 "" "5" 0x01]
   Pin[-16200 7000 7200 2000 9200 5200 "" "6" 0x01]
   Pin[-5400 7000 7200 2000 9200 5200 "" "7" 0x01]
   Pin[5400 7000 7200 2000 9200 5200 "" "8" 0x01]
   Pin[16200 7000 7200 2000 9200 5200 "" "9" 0x01]
   ElementLine[-21600 -14850 -21600 0 2000]
   ElementLine[-16200 -14850 -16200 0 2000]
   ElementLine[-10800 -14850 -10800 0 2000]
   ElementLine[-5400 -14850 -5400 0 2000]
   ElementLine[0 -14850 0 0 2000]
   ElementLine[5400 -14850 5400 0 2000]
   ElementLine[10800 -14850 10800 0 2000]
   ElementLine[16200 -14850 16200 0 2000]
   ElementLine[21600 -14850 21600 0 2000]
   Pin[-49200 12600 19500 2000 21500 12500 "" "10" 0x01]
   ElementLine[-55450 -24850 -55450 -19850 1000]
   ElementLine[-42950 -24850 -42950 -19850 1000]
   Pin[49200 12600 19500 2000 21500 12500 "" "11" 0x01]
   ElementLine[42950 -24850 42950 -19850 1000]
   ElementLine[55450 -24850 55450 -19850 1000]
   ElementLine[-31600 -19350 -31600 -14850 2000]
   ElementLine[-31600 -14850 31600 -14850 2000]
   ElementLine[31600 -14850 31600 -19350 2000]
   ElementLine[-60650 24850 -60650 -24850 1000]
   ElementLine[-60650 -24850 60650 -24850 1000]
   ElementLine[60650 -24850 60650 24850 1000]
   ElementLine[60650 24850 -60650 24850 1000]
   ElementLine[-60650 -19850 60650 -19850 1000]
)
