Element[0x0 "CON_DSUB_15F__AMP_747845" "" "" 0 0 -77050 26850 0 100 0x0]
(
   Pin[-37800 18200 7200 2000 9200 5200 "" "1" 0x0101]
   Pin[-27000 18200 7200 2000 9200 5200 "" "2" 0x01]
   Pin[-16200 18200 7200 2000 9200 5200 "" "3" 0x01]
   Pin[-5400 18200 7200 2000 9200 5200 "" "4" 0x01]
   Pin[5400 18200 7200 2000 9200 5200 "" "5" 0x01]
   Pin[16200 18200 7200 2000 9200 5200 "" "6" 0x01]
   Pin[27000 18200 7200 2000 9200 5200 "" "7" 0x01]
   Pin[37800 18200 7200 2000 9200 5200 "" "8" 0x01]
   Pin[-32400 7000 7200 2000 9200 5200 "" "9" 0x01]
   Pin[-21600 7000 7200 2000 9200 5200 "" "10" 0x01]
   Pin[-10800 7000 7200 2000 9200 5200 "" "11" 0x01]
   Pin[0 7000 7200 2000 9200 5200 "" "12" 0x01]
   Pin[10800 7000 7200 2000 9200 5200 "" "13" 0x01]
   Pin[21600 7000 7200 2000 9200 5200 "" "14" 0x01]
   Pin[32400 7000 7200 2000 9200 5200 "" "15" 0x01]
   ElementLine[-37800 -14850 -37800 0 2000]
   ElementLine[-32400 -14850 -32400 0 2000]
   ElementLine[-27000 -14850 -27000 0 2000]
   ElementLine[-21600 -14850 -21600 0 2000]
   ElementLine[-16200 -14850 -16200 0 2000]
   ElementLine[-10800 -14850 -10800 0 2000]
   ElementLine[-5400 -14850 -5400 0 2000]
   ElementLine[0 -14850 0 0 2000]
   ElementLine[5400 -14850 5400 0 2000]
   ElementLine[10800 -14850 10800 0 2000]
   ElementLine[16200 -14850 16200 0 2000]
   ElementLine[21600 -14850 21600 0 2000]
   ElementLine[27000 -14850 27000 0 2000]
   ElementLine[32400 -14850 32400 0 2000]
   ElementLine[37800 -14850 37800 0 2000]
   Pin[-65600 12600 19500 2000 21500 12500 "" "16" 0x01]
   ElementLine[-71850 -24850 -71850 -19850 1000]
   ElementLine[-59350 -24850 -59350 -19850 1000]
   Pin[65600 12600 19500 2000 21500 12500 "" "17" 0x01]
   ElementLine[59350 -24850 59350 -19850 1000]
   ElementLine[71850 -24850 71850 -19850 1000]
   ElementLine[-47800 -19350 -47800 -14850 2000]
   ElementLine[-47800 -14850 47800 -14850 2000]
   ElementLine[47800 -14850 47800 -19350 2000]
   ElementLine[-77050 24850 -77050 -24850 1000]
   ElementLine[-77050 -24850 77050 -24850 1000]
   ElementLine[77050 -24850 77050 24850 1000]
   ElementLine[77050 24850 -77050 24850 1000]
   ElementLine[-77050 -19850 77050 -19850 1000]
)
