Element[0x0 "FPDI Connector" "" "" 0 0 10751 -15267 0 100 0x0]
(
   Pad[7874 5000 7874 9488 2755 2000 4755 "" "1" 0x0100]
   Pad[3937 5000 3937 9488 2755 2000 4755 "" "2" 0x0100]
   Pad[0 5000 0 9488 2755 2000 4755 "" "3" 0x0100]
   Pad[-3937 5000 -3937 9488 2755 2000 4755 "" "4" 0x0100]
   Pad[-7874 5000 -7874 9488 2755 2000 4755 "" "5" 0x0100]
   Pad[5905 -9488 5905 -5000 2755 2000 4755 "" "6" 0x0100]
   Pad[1968 -9488 1968 -5000 2755 2000 4755 "" "7" 0x0100]
   Pad[-1968 -9488 -1968 -5000 2755 2000 4755 "" "8" 0x0100]
   Pad[-5905 -9488 -5905 -5000 2755 2000 4755 "" "9" 0x0100]
   ElementLine[-17076 -7767 -9783 -7767 1000]
   ElementLine[-9783 -7767 -9783 -5011 1000]
   ElementLine[-9783 -5011 -12539 -2255 1000]
   ElementLine[-12539 -2255 -12539 3255 1000]
   ElementLine[-12539 3255 -10751 3255 1000]
   ElementLine[-10751 3255 -10751 7767 1000]
   ElementLine[-10751 7767 -17076 7767 1000]
   ElementLine[-17076 7767 -17076 -7767 1000]
   ElementLine[17076 -7767 9783 -7767 1000]
   ElementLine[9783 -7767 9783 -5011 1000]
   ElementLine[9783 -5011 12539 -2255 1000]
   ElementLine[12539 -2255 12539 3255 1000]
   ElementLine[12539 3255 10751 3255 1000]
   ElementLine[10751 3255 10751 7767 1000]
   ElementLine[10751 7767 17076 7767 1000]
   ElementLine[17076 7767 17076 -7767 1000]
   Pin[-13976 0 5200 2000 7200 5200 "" "10" 0x09]
   ElementArc[-13976 0 3100 3100 60 360 1000]
   Pin[13976 0 5200 2000 7200 5200 "" "11" 0x09]
   ElementArc[13976 0 3100 3100 240 360 1000]
)
