Element[0x0 "TH" "" "" 0 0 -20472 -29200 0 100 0x0]
(
   Pin[-13780 -3500 7500 2000 9500 5200 "" "1" 0x0101]
   ElementLine[-17717 19200 -17717 11326 1000]
   ElementLine[-17717 11326 -9843 11326 1000]
   ElementLine[-9843 11326 -9843 19200 1000]
   ElementLine[-9843 19200 -17717 19200 1000]
   ElementLine[-13780 -19200 -13780 -16200 1000]
   ElementLine[-15780 -19200 -11780 -19200 2000]
   ElementArc[-24472 15263 1000 1000 0 360 2500]
   Pin[0 -3500 7500 2000 9500 5200 "" "2" 0x01]
   ElementLine[-3936 19200 -3936 11326 1000]
   ElementLine[-3936 11326 3936 11326 1000]
   ElementLine[3936 11326 3936 19200 1000]
   ElementLine[3936 19200 -3936 19200 1000]
   ElementLine[0 -19200 0 -16200 1000]
   ElementLine[-2000 -19200 2000 -19200 2000]
   Pin[13780 -3500 7500 2000 9500 5200 "" "3" 0x01]
   ElementLine[9843 19200 9843 11326 1000]
   ElementLine[9843 11326 17717 11326 1000]
   ElementLine[17717 11326 17717 19200 1000]
   ElementLine[17717 19200 9843 19200 1000]
   ElementLine[13780 -19200 13780 -16200 1000]
   ElementLine[11780 -19200 15780 -19200 2000]
   ElementLine[-20472 22200 -20472 -22200 1000]
   ElementLine[-20472 -22200 20472 -22200 1000]
   ElementLine[20472 -22200 20472 22200 1000]
   ElementLine[20472 22200 -20472 22200 1000]
)
