Element[0x0 "CON_HDR-200P-2C-1R-2N__JST_B2B-PH-K" "" "" 0 0 -11614 -15857 0 100 0x0]
(
   Pad[3936 914 3936 3415 5000 2000 7000 "" "1" 0x0800]
   Pad[3936 914 3936 3415 5000 2000 7000 "" "1" 0x0880]
   Pin[3936 2165 5000 2000 7000 2900 "" "1" 0x01]
   Pad[-3936 914 -3936 3415 5000 2000 7000 "" "2" 0x0800]
   Pad[-3936 914 -3936 3415 5000 2000 7000 "" "2" 0x0880]
   Pin[-3936 2165 5000 2000 7000 2900 "" "2" 0x01]
   ElementLine[-11614 8858 -11614 -8858 1000]
   ElementLine[-11614 -8858 11614 -8858 1000]
   ElementLine[11614 -8858 11614 8858 1000]
   ElementLine[11614 8858 -11614 8858 1000]
   ElementLine[6614 8858 11614 3858 1000]
   ElementLine[11614 3858 11614 4858 1000]
   ElementLine[11614 4858 7614 8858 1000]
   ElementLine[7614 8858 8614 8858 1000]
   ElementLine[8614 8858 11614 5858 1000]
   ElementLine[11614 5858 11614 6858 1000]
   ElementLine[11614 6858 9614 8858 1000]
   ElementLine[9614 8858 10614 8858 1000]
   ElementLine[10614 8858 11614 7858 1000]
   
)
