Element[0x0 "FPDI Connector" "" "" 0 0 14688 -15267 0 100 0x0]
(
   Pad[-11811 5000 -11811 9488 2755 2000 4755 "" "1" 0x0100]
   Pad[-7874 5000 -7874 9488 2755 2000 4755 "" "2" 0x0100]
   Pad[-3937 5000 -3937 9488 2755 2000 4755 "" "3" 0x0100]
   Pad[0 5000 0 9488 2755 2000 4755 "" "4" 0x0100]
   Pad[3937 5000 3937 9488 2755 2000 4755 "" "5" 0x0100]
   Pad[7874 5000 7874 9488 2755 2000 4755 "" "6" 0x0100]
   Pad[11811 5000 11811 9488 2755 2000 4755 "" "7" 0x0100]
   Pad[-9842 -9488 -9842 -5000 2755 2000 4755 "" "8" 0x0100]
   Pad[-5905 -9488 -5905 -5000 2755 2000 4755 "" "9" 0x0100]
   Pad[-1968 -9488 -1968 -5000 2755 2000 4755 "" "10" 0x0100]
   Pad[1968 -9488 1968 -5000 2755 2000 4755 "" "11" 0x0100]
   Pad[5905 -9488 5905 -5000 2755 2000 4755 "" "12" 0x0100]
   Pad[9842 -9488 9842 -5000 2755 2000 4755 "" "13" 0x0100]
   ElementLine[-21013 -7767 -13720 -7767 1000]
   ElementLine[-13720 -7767 -13720 -5011 1000]
   ElementLine[-13720 -5011 -16476 -2255 1000]
   ElementLine[-16476 -2255 -16476 3255 1000]
   ElementLine[-16476 3255 -14688 3255 1000]
   ElementLine[-14688 3255 -14688 7767 1000]
   ElementLine[-14688 7767 -21013 7767 1000]
   ElementLine[-21013 7767 -21013 -7767 1000]
   ElementLine[21013 -7767 13720 -7767 1000]
   ElementLine[13720 -7767 13720 -5011 1000]
   ElementLine[13720 -5011 16476 -2255 1000]
   ElementLine[16476 -2255 16476 3255 1000]
   ElementLine[16476 3255 14688 3255 1000]
   ElementLine[14688 3255 14688 7767 1000]
   ElementLine[14688 7767 21013 7767 1000]
   ElementLine[21013 7767 21013 -7767 1000]
   Pin[-17913 0 5200 2000 7200 5200 "" "14" 0x09]
   ElementArc[-17913 0 3100 3100 60 360 1000]
   Pin[17913 0 5200 2000 7200 5200 "" "15" 0x09]
   ElementArc[17913 0 3100 3100 240 360 1000]
)
