Element[0x0 "CON_HDR-200P-3C-1R-3N__JST_B3B-PH-K" "" "" 0 0 -15551 -15857 0 100 0x0]
(
   Pad[7873 914 7873 3415 5000 2000 7000 "" "1" 0x0800]
   Pad[7873 914 7873 3415 5000 2000 7000 "" "1" 0x0880]
   Pin[7873 2165 5000 2000 7000 2900 "" "1" 0x01]
   Pad[0 914 0 3415 5000 2000 7000 "" "2" 0x0800]
   Pad[0 914 0 3415 5000 2000 7000 "" "2" 0x0880]
   Pin[0 2165 5000 2000 7000 2900 "" "2" 0x01]
   Pad[-7873 914 -7873 3415 5000 2000 7000 "" "3" 0x0800]
   Pad[-7873 914 -7873 3415 5000 2000 7000 "" "3" 0x0880]
   Pin[-7873 2165 5000 2000 7000 2900 "" "3" 0x01]
   ElementLine[-15551 8858 -15551 -8858 1000]
   ElementLine[-15551 -8858 15551 -8858 1000]
   ElementLine[15551 -8858 15551 8858 1000]
   ElementLine[15551 8858 -15551 8858 1000]
   ElementLine[10551 8858 15551 3858 1000]
   ElementLine[15551 3858 15551 4858 1000]
   ElementLine[15551 4858 11551 8858 1000]
   ElementLine[11551 8858 12551 8858 1000]
   ElementLine[12551 8858 15551 5858 1000]
   ElementLine[15551 5858 15551 6858 1000]
   ElementLine[15551 6858 13551 8858 1000]
   ElementLine[13551 8858 14551 8858 1000]
   ElementLine[14551 8858 15551 7858 1000]
   
)
