Element[0x0 "CON_DSUB_25M__AMP_747842" "" "" 0 0 -104400 27400 0 100 0x0]
(
   Pin[64800 18200 7200 2000 9200 5200 "" "1" 0x0101]
   Pin[54000 18200 7200 2000 9200 5200 "" "2" 0x01]
   Pin[43200 18200 7200 2000 9200 5200 "" "3" 0x01]
   Pin[32400 18200 7200 2000 9200 5200 "" "4" 0x01]
   Pin[21600 18200 7200 2000 9200 5200 "" "5" 0x01]
   Pin[10800 18200 7200 2000 9200 5200 "" "6" 0x01]
   Pin[0 18200 7200 2000 9200 5200 "" "7" 0x01]
   Pin[-10800 18200 7200 2000 9200 5200 "" "8" 0x01]
   Pin[-21600 18200 7200 2000 9200 5200 "" "9" 0x01]
   Pin[-32400 18200 7200 2000 9200 5200 "" "10" 0x01]
   Pin[-43200 18200 7200 2000 9200 5200 "" "11" 0x01]
   Pin[-54000 18200 7200 2000 9200 5200 "" "12" 0x01]
   Pin[-64800 18200 7200 2000 9200 5200 "" "13" 0x01]
   Pin[59400 7000 7200 2000 9200 5200 "" "14" 0x01]
   Pin[48600 7000 7200 2000 9200 5200 "" "15" 0x01]
   Pin[37800 7000 7200 2000 9200 5200 "" "16" 0x01]
   Pin[27000 7000 7200 2000 9200 5200 "" "17" 0x01]
   Pin[16200 7000 7200 2000 9200 5200 "" "18" 0x01]
   Pin[5400 7000 7200 2000 9200 5200 "" "19" 0x01]
   Pin[-5400 7000 7200 2000 9200 5200 "" "20" 0x01]
   Pin[-16200 7000 7200 2000 9200 5200 "" "21" 0x01]
   Pin[-27000 7000 7200 2000 9200 5200 "" "22" 0x01]
   Pin[-37800 7000 7200 2000 9200 5200 "" "23" 0x01]
   Pin[-48600 7000 7200 2000 9200 5200 "" "24" 0x01]
   Pin[-59400 7000 7200 2000 9200 5200 "" "25" 0x01]
   ElementLine[-64800 -15400 -64800 0 2000]
   ElementLine[-59400 -15400 -59400 0 2000]
   ElementLine[-54000 -15400 -54000 0 2000]
   ElementLine[-48600 -15400 -48600 0 2000]
   ElementLine[-43200 -15400 -43200 0 2000]
   ElementLine[-37800 -15400 -37800 0 2000]
   ElementLine[-32400 -15400 -32400 0 2000]
   ElementLine[-27000 -15400 -27000 0 2000]
   ElementLine[-21600 -15400 -21600 0 2000]
   ElementLine[-16200 -15400 -16200 0 2000]
   ElementLine[-10800 -15400 -10800 0 2000]
   ElementLine[-5400 -15400 -5400 0 2000]
   ElementLine[0 -15400 0 0 2000]
   ElementLine[5400 -15400 5400 0 2000]
   ElementLine[10800 -15400 10800 0 2000]
   ElementLine[16200 -15400 16200 0 2000]
   ElementLine[21600 -15400 21600 0 2000]
   ElementLine[27000 -15400 27000 0 2000]
   ElementLine[32400 -15400 32400 0 2000]
   ElementLine[37800 -15400 37800 0 2000]
   ElementLine[43200 -15400 43200 0 2000]
   ElementLine[48600 -15400 48600 0 2000]
   ElementLine[54000 -15400 54000 0 2000]
   ElementLine[59400 -15400 59400 0 2000]
   ElementLine[64800 -15400 64800 0 2000]
   Pin[-92600 12600 19500 2000 21500 12500 "" "26" 0x01]
   ElementLine[-98850 -25400 -98850 -20400 1000]
   ElementLine[-86350 -25400 -86350 -20400 1000]
   Pin[92600 12600 19500 2000 21500 12500 "" "27" 0x01]
   ElementLine[86350 -25400 86350 -20400 1000]
   ElementLine[98850 -25400 98850 -20400 1000]
   ElementLine[-74800 -19900 -74800 -15400 2000]
   ElementLine[-74800 -15400 74800 -15400 2000]
   ElementLine[74800 -15400 74800 -19900 2000]
   ElementLine[-104400 25400 -104400 -25400 1000]
   ElementLine[-104400 -25400 104400 -25400 1000]
   ElementLine[104400 -25400 104400 25400 1000]
   ElementLine[104400 25400 -104400 25400 1000]
   ElementLine[-104400 -20400 104400 -20400 1000]
)
