Element[0x0 "CON_BAT__Keystone_105" "" "" 0 0 -5000 -17000 0 100 0x0]
(
   Pin[0 0 8300 2000 10300 6700 "" "1" 0x01]
   Pin[80700 0 8300 2000 10300 6700 "" "2" 0x01]
   ElementLine[5800 8000 -8000 8000 1000]
   ElementLine[-8000 8000 -8000 -8000 1000]
   ElementLine[-8000 -8000 5800 -8000 1000]
   ElementLine[-2000 12000 -2000 22000 1000]
   ElementLine[-7000 17000 3000 17000 1000]
   ElementLine[42500 -70000 37500 -70000 1000]
   ElementLine[37500 -70000 37500 -60000 1000]
   ElementLine[37500 -60000 42500 -60000 1000]
   ElementLine[45000 -60000 45000 -70000 1000]
   ElementLine[45000 -70000 50000 -70000 1000]
   ElementLine[50000 -70000 50000 -65000 1000]
   ElementLine[50000 -65000 45000 -65000 1000]
   ElementLine[45000 -65000 47500 -65000 1000]
   ElementLine[47500 -65000 50000 -60000 1000]
   ElementLine[52500 -70000 57500 -70000 1000]
   ElementLine[57500 -70000 57500 -65000 1000]
   ElementLine[57500 -65000 52500 -65000 1000]
   ElementLine[52500 -65000 52500 -60000 1000]
   ElementLine[52500 -60000 57500 -60000 1000]
   ElementLine[60000 -70000 60000 -65000 1000]
   ElementLine[60000 -65000 65000 -65000 1000]
   ElementLine[65000 -65000 65000 -70000 1000]
   ElementLine[65000 -70000 65000 -60000 1000]
   ElementLine[72500 -70000 67500 -70000 1000]
   ElementLine[67500 -70000 67500 -65000 1000]
   ElementLine[67500 -65000 72500 -65000 1000]
   ElementLine[72500 -65000 72500 -60000 1000]
   ElementLine[72500 -60000 67500 -60000 1000]
   ElementLine[75000 -70000 80000 -70000 1000]
   ElementLine[80000 -70000 80000 -60000 1000]
   ElementLine[80000 -60000 75000 -60000 1000]
   ElementLine[75000 -60000 75000 -70000 1000]
   ElementArc[59900 0 54650 54650 8 343 1000]
   
)
