Element[0x0 "CON_SMA__Amphenol_901-9894-RFX" "" "" 0 0 -15000 -23000 0 100 0x0]
(
   Pin[0 0 8500 2000 10500 6100 "" "1" 0x01]
   Pin[-10000 -10000 8500 2000 10500 6700 "" "2" 0x01]
   Pin[10000 -10000 8500 2000 10500 6700 "" "2" 0x01]
   Pin[10000 10000 8500 2000 10500 6700 "" "2" 0x01]
   Pin[-10000 10000 8500 2000 10500 6700 "" "2" 0x01]
   ElementLine[-16000 -16000 16000 -16000 1000]
   ElementLine[16000 -16000 16000 16000 1000]
   ElementLine[16000 16000 -16000 16000 1000]
   ElementLine[-16000 16000 -16000 -16000 1000]
   ElementLine[-16000 -14000 -21000 -14000 1000]
   ElementLine[-21000 -14000 -21000 -19000 1000]
   ElementLine[-21000 -19000 -54000 -19000 1000]
   ElementLine[-54000 -19000 -54000 19000 1000]
   ElementLine[-54000 19000 -21000 19000 1000]
   ElementLine[-21000 19000 -21000 14000 1000]
   ElementLine[-21000 14000 -16000 14000 1000]
   ElementLine[-21000 -14000 -21000 14000 1000]
   ElementLine[-49000 -9000 -24500 -9000 1000]
   ElementLine[-49000 9000 -24500 9000 1000]
   ElementArc[-37500 -14250 12500 12500 338 44 1000]
   ElementArc[-37500 14250 12500 12500 338 44 1000]
   ElementArc[-25750 0 25000 25000 338 44 1000]
   ElementArc[-35500 -14250 12500 12500 158 44 1000]
   ElementArc[-35500 14250 12500 12500 158 44 1000]
   ElementArc[-47250 0 25000 25000 158 44 1000]
   
)
