Element[0x0 "CON_BAT__Keystone_3009_2990" "" "" 0 0 35000 45000 0 100 0x0]
(
   Pin[-50000 0 10000 2000 12000 7900 "" "1" 0x01]
   Pin[50000 0 10000 2000 12000 7900 "" "1" 0x01]
   Pin[-15000 0 10000 2000 12000 7900 "" "2" 0x01]
   Pin[15000 0 10000 2000 12000 7900 "" "2" 0x01]
   ElementLine[-50000 7500 -50000 24200 1000]
   ElementLine[-50000 24200 -17300 50000 1000]
   ElementLine[-17300 50000 17300 50000 1000]
   ElementLine[17300 50000 50000 24200 1000]
   ElementLine[50000 24200 50000 7500 1000]
   ElementLine[-50000 -7500 -50000 -27500 1000]
   ElementLine[50000 -7500 50000 -27500 1000]
   ElementLine[-23000 -20800 -23000 14600 1000]
   ElementLine[-32000 -20800 -32000 14600 1000]
   ElementLine[23000 -20800 23000 14600 1000]
   ElementLine[32000 -20800 32000 14600 1000]
   ElementLine[0 35000 0 45000 1000]
   ElementLine[-5000 40000 5000 40000 1000]
   ElementLine[-17500 -40000 -20000 -40000 1000]
   ElementLine[-20000 -40000 -20000 -35000 1000]
   ElementLine[-20000 -35000 -17500 -35000 1000]
   ElementLine[-12500 -35000 -12500 -40000 1000]
   ElementLine[-12500 -40000 -10000 -40000 1000]
   ElementLine[-10000 -40000 -10000 -37500 1000]
   ElementLine[-10000 -37500 -12500 -37500 1000]
   ElementLine[-12500 -37500 -11250 -37500 1000]
   ElementLine[-11250 -37500 -10000 -35000 1000]
   ElementLine[-5000 -40000 -2500 -40000 1000]
   ElementLine[-2500 -40000 -2500 -37500 1000]
   ElementLine[-2500 -37500 -5000 -37500 1000]
   ElementLine[-5000 -37500 -5000 -35000 1000]
   ElementLine[-5000 -35000 -2500 -35000 1000]
   ElementLine[2500 -40000 2500 -37500 1000]
   ElementLine[2500 -37500 5000 -37500 1000]
   ElementLine[5000 -37500 5000 -40000 1000]
   ElementLine[5000 -40000 5000 -35000 1000]
   ElementLine[12500 -40000 10000 -40000 1000]
   ElementLine[10000 -40000 10000 -37500 1000]
   ElementLine[10000 -37500 12500 -37500 1000]
   ElementLine[12500 -37500 12500 -35000 1000]
   ElementLine[12500 -35000 10000 -35000 1000]
   ElementLine[17500 -40000 20000 -40000 1000]
   ElementLine[20000 -40000 20000 -35000 1000]
   ElementLine[20000 -35000 17500 -35000 1000]
   ElementLine[17500 -35000 17500 -40000 1000]
   ElementArc[-27500 14600 4500 4500 0 180 1000]
   ElementArc[27500 14600 4500 4500 0 180 1000]
   ElementArc[-38500 -27500 11500 11500 240 120 1000]
   ElementArc[38500 -27500 11500 11500 180 120 1000]
   ElementArc[0 -87800 60000 60000 57 66 1000]
   ElementArc[0 0 50000 50000 235 70 4000]
   
)
