Element[0x0 "FPDI Connector" "" "" 0 0 12720 -15267 0 100 0x0]
(
   Pad[-9842 5000 -9842 9488 2755 2000 4755 "" "1" 0x0100]
   Pad[-5905 5000 -5905 9488 2755 2000 4755 "" "2" 0x0100]
   Pad[-1968 5000 -1968 9488 2755 2000 4755 "" "3" 0x0100]
   Pad[1968 5000 1968 9488 2755 2000 4755 "" "4" 0x0100]
   Pad[5905 5000 5905 9488 2755 2000 4755 "" "5" 0x0100]
   Pad[9842 5000 9842 9488 2755 2000 4755 "" "6" 0x0100]
   Pad[-7874 -9488 -7874 -5000 2755 2000 4755 "" "7" 0x0100]
   Pad[-3937 -9488 -3937 -5000 2755 2000 4755 "" "8" 0x0100]
   Pad[0 -9488 0 -5000 2755 2000 4755 "" "9" 0x0100]
   Pad[3937 -9488 3937 -5000 2755 2000 4755 "" "10" 0x0100]
   Pad[7874 -9488 7874 -5000 2755 2000 4755 "" "11" 0x0100]
   ElementLine[-17807 -8192 -11751 -8192 1000]
   ElementLine[-11751 -8192 -11751 -5437 1000]
   ElementLine[-11751 -5437 -14507 -2681 1000]
   ElementLine[-14507 -2681 -14507 2830 1000]
   ElementLine[-14507 2830 -12720 2830 1000]
   ElementLine[-12720 2830 -12720 8192 1000]
   ElementLine[-12720 8192 -17807 8192 1000]
   ElementLine[17807 -8192 11751 -8192 1000]
   ElementLine[11751 -8192 11751 -5437 1000]
   ElementLine[11751 -5437 14507 -2681 1000]
   ElementLine[14507 -2681 14507 2830 1000]
   ElementLine[14507 2830 12720 2830 1000]
   ElementLine[12720 2830 12720 8192 1000]
   ElementLine[12720 8192 17807 8192 1000]
   ElementLine[-17807 8192 -25122 8192 1000]
   ElementLine[-25122 8192 -25122 -8192 1000]
   ElementLine[-25122 -8192 -17807 -8192 1000]
   Pad[-21062 -4133 -21062 4133 5118 2000 7118 "" "12" 0x0100]
   ElementLine[17807 8192 25122 8192 1000]
   ElementLine[25122 8192 25122 -8192 1000]
   ElementLine[25122 -8192 17807 -8192 1000]
   Pad[21062 -4133 21062 4133 5118 2000 7118 "" "13" 0x0100]
)
