Element[0x0 "CON_BAT__Keystone_92" "" "" 0 0 -104000 -36500 0 100 0x0]
(
   Pin[-95000 0 10000 2000 12000 6700 "" "1" 0x01]
   Pin[-65000 0 10000 2000 12000 6700 "" "1" 0x01]
   Pin[65000 0 10000 2000 12000 6700 "" "2" 0x01]
   Pin[95000 0 10000 2000 12000 6700 "" "2" 0x01]
   ElementLine[-104000 29500 -104000 -29500 1000]
   ElementLine[-104000 -29500 104000 -29500 1000]
   ElementLine[104000 -29500 104000 29500 1000]
   ElementLine[104000 29500 -104000 29500 1000]
   ElementLine[-66000 10000 -66000 29000 2000]
   ElementLine[-66000 29000 -103500 29000 2000]
   ElementLine[-103500 29000 -103500 -29000 2000]
   ElementLine[-103500 -29000 -66000 -29000 2000]
   ElementLine[-66000 -29000 -66000 -10000 2000]
   ElementLine[66000 10000 66000 29000 2000]
   ElementLine[66000 29000 103500 29000 2000]
   ElementLine[103500 29000 103500 -29000 2000]
   ElementLine[103500 -29000 66000 -29000 2000]
   ElementLine[66000 -29000 66000 -10000 2000]
   ElementLine[-106500 0 -111500 0 1000]
   ElementLine[-108500 2500 -108500 -2500 1000]
   ElementLine[106500 0 111500 0 1000]
   ElementLine[40000 15000 -35000 15000 2000]
   ElementLine[-35000 15000 -35000 5000 2000]
   ElementLine[-35000 5000 -40000 5000 2000]
   ElementLine[-40000 5000 -40000 -5000 2000]
   ElementLine[-40000 -5000 -35000 -5000 2000]
   ElementLine[-35000 -5000 -35000 -15000 2000]
   ElementLine[-35000 -15000 40000 -15000 2000]
   ElementLine[40000 -15000 40000 15000 2000]
   ElementLine[-9000 5000 -9000 -2500 2000]
   ElementLine[-9000 -2500 -7800 -5000 2000]
   ElementLine[-7800 -5000 -4200 -5000 2000]
   ElementLine[-4200 -5000 -3000 -2500 2000]
   ElementLine[-3000 -2500 -3000 5000 2000]
   ElementLine[-9000 0 -3000 0 2000]
   ElementLine[3000 5000 3000 -2500 2000]
   ElementLine[3000 -2500 4200 -5000 2000]
   ElementLine[4200 -5000 7800 -5000 2000]
   ElementLine[7800 -5000 9000 -2500 2000]
   ElementLine[9000 -2500 9000 5000 2000]
   ElementLine[3000 0 9000 0 2000]
   ElementArc[-97000 -23000 1500 1500 0 360 3000]
   ElementArc[97000 23000 1500 1500 0 360 3000]
   
)
