Element[0x0 "CON__CUI_SJ1-3514-SMT" "" "" 0 0 -18700 -53149 0 100 0x0]
(
   Pad[-22145 -36712 -22145 -35334 6889 2000 8889 "" "1" 0x0100]
   Pad[-22145 -13287 -22145 -8759 6889 2000 8889 "" "5" 0x0100]
   Pad[23129 -19586 23129 -18996 8858 2000 10858 "" "3" 0x0100]
   Pad[23129 -37893 23129 -35334 8858 2000 10858 "" "4" 0x0100]
   Pin[0 -11811 10000 2000 12000 7900 "" "6" 0x09]
   Pin[0 -35433 10000 2000 12000 7900 "" "7" 0x09]
   ElementLine[-18700 0 -18700 -47244 1000]
   ElementLine[-18700 -47244 18700 -47244 1000]
   ElementLine[18700 -47244 18700 0 1000]
   ElementLine[18700 0 9842 0 1000]
   ElementLine[9842 0 9842 11811 1000]
   ElementLine[9842 11811 -9842 11811 1000]
   ElementLine[-9842 11811 -9842 0 1000]
   ElementLine[-9842 0 -18700 0 1000]
   ElementArc[0 -11811 4133 4133 0 360 1000]
   ElementArc[0 -35433 4133 4133 0 360 1000]
   
)
