Element[0x0 "CON_BAT__Keystone_82" "" "" 0 0 -92000 -28500 0 100 0x0]
(
   Pin[-84000 0 10000 2000 12000 6700 "" "1" 0x01]
   Pin[-54000 0 10000 2000 12000 6700 "" "1" 0x01]
   Pin[54000 0 10000 2000 12000 6700 "" "2" 0x01]
   Pin[84000 0 10000 2000 12000 6700 "" "2" 0x01]
   ElementLine[-92000 21500 -92000 -21500 1000]
   ElementLine[-92000 -21500 92000 -21500 1000]
   ElementLine[92000 -21500 92000 21500 1000]
   ElementLine[92000 21500 -92000 21500 1000]
   ElementLine[-55000 10000 -55000 21000 2000]
   ElementLine[-55000 21000 -91500 21000 2000]
   ElementLine[-91500 21000 -91500 -21000 2000]
   ElementLine[-91500 -21000 -55000 -21000 2000]
   ElementLine[-55000 -21000 -55000 -10000 2000]
   ElementLine[55000 10000 55000 21000 2000]
   ElementLine[55000 21000 91500 21000 2000]
   ElementLine[91500 21000 91500 -21000 2000]
   ElementLine[91500 -21000 55000 -21000 2000]
   ElementLine[55000 -21000 55000 -10000 2000]
   ElementLine[-94500 0 -99500 0 1000]
   ElementLine[-96500 2500 -96500 -2500 1000]
   ElementLine[94500 0 99500 0 1000]
   ElementLine[40000 15000 -35000 15000 2000]
   ElementLine[-35000 15000 -35000 5000 2000]
   ElementLine[-35000 5000 -40000 5000 2000]
   ElementLine[-40000 5000 -40000 -5000 2000]
   ElementLine[-40000 -5000 -35000 -5000 2000]
   ElementLine[-35000 -5000 -35000 -15000 2000]
   ElementLine[-35000 -15000 40000 -15000 2000]
   ElementLine[40000 -15000 40000 15000 2000]
   ElementLine[-15000 5000 -15000 -2500 2000]
   ElementLine[-15000 -2500 -13800 -5000 2000]
   ElementLine[-13800 -5000 -10200 -5000 2000]
   ElementLine[-10200 -5000 -9000 -2500 2000]
   ElementLine[-9000 -2500 -9000 5000 2000]
   ElementLine[-15000 0 -9000 0 2000]
   ElementLine[-3000 5000 -3000 -2500 2000]
   ElementLine[-3000 -2500 -1800 -5000 2000]
   ElementLine[-1800 -5000 1800 -5000 2000]
   ElementLine[1800 -5000 3000 -2500 2000]
   ElementLine[3000 -2500 3000 5000 2000]
   ElementLine[-3000 0 3000 0 2000]
   ElementLine[9000 5000 9000 -2500 2000]
   ElementLine[9000 -2500 10200 -5000 2000]
   ElementLine[10200 -5000 13800 -5000 2000]
   ElementLine[13800 -5000 15000 -2500 2000]
   ElementLine[15000 -2500 15000 5000 2000]
   ElementLine[9000 0 15000 0 2000]
   ElementArc[-84000 -15000 1500 1500 0 360 3000]
   ElementArc[84000 15000 1500 1500 0 360 3000]
   
)
