Element[0x0 "FPDI Connector" "" "" 0 0 10751 -15267 0 100 0x0]
(
   Pad[7874 5000 7874 9488 2755 2000 4755 "" "1" 0x0100]
   Pad[3937 5000 3937 9488 2755 2000 4755 "" "2" 0x0100]
   Pad[0 5000 0 9488 2755 2000 4755 "" "3" 0x0100]
   Pad[-3937 5000 -3937 9488 2755 2000 4755 "" "4" 0x0100]
   Pad[-7874 5000 -7874 9488 2755 2000 4755 "" "5" 0x0100]
   Pad[5905 -9488 5905 -5000 2755 2000 4755 "" "6" 0x0100]
   Pad[1968 -9488 1968 -5000 2755 2000 4755 "" "7" 0x0100]
   Pad[-1968 -9488 -1968 -5000 2755 2000 4755 "" "8" 0x0100]
   Pad[-5905 -9488 -5905 -5000 2755 2000 4755 "" "9" 0x0100]
   ElementLine[-15838 -8192 -9783 -8192 1000]
   ElementLine[-9783 -8192 -9783 -5437 1000]
   ElementLine[-9783 -5437 -12539 -2681 1000]
   ElementLine[-12539 -2681 -12539 2830 1000]
   ElementLine[-12539 2830 -10751 2830 1000]
   ElementLine[-10751 2830 -10751 8192 1000]
   ElementLine[-10751 8192 -15838 8192 1000]
   ElementLine[15838 -8192 9783 -8192 1000]
   ElementLine[9783 -8192 9783 -5437 1000]
   ElementLine[9783 -5437 12539 -2681 1000]
   ElementLine[12539 -2681 12539 2830 1000]
   ElementLine[12539 2830 10751 2830 1000]
   ElementLine[10751 2830 10751 8192 1000]
   ElementLine[10751 8192 15838 8192 1000]
   ElementLine[-15838 8192 -23153 8192 1000]
   ElementLine[-23153 8192 -23153 -8192 1000]
   ElementLine[-23153 -8192 -15838 -8192 1000]
   Pad[-19094 -4133 -19094 4133 5118 2000 7118 "" "10" 0x0100]
   ElementLine[15838 8192 23153 8192 1000]
   ElementLine[23153 8192 23153 -8192 1000]
   ElementLine[23153 -8192 15838 -8192 1000]
   Pad[19094 -4133 19094 4133 5118 2000 7118 "" "11" 0x0100]
)
