Element[0x0 "FPDI Connector" "" "" 0 0 12720 -15267 0 100 0x0]
(
   Pad[9842 5000 9842 9488 2755 2000 4755 "" "1" 0x0100]
   Pad[5905 5000 5905 9488 2755 2000 4755 "" "2" 0x0100]
   Pad[1968 5000 1968 9488 2755 2000 4755 "" "3" 0x0100]
   Pad[-1968 5000 -1968 9488 2755 2000 4755 "" "4" 0x0100]
   Pad[-5905 5000 -5905 9488 2755 2000 4755 "" "5" 0x0100]
   Pad[-9842 5000 -9842 9488 2755 2000 4755 "" "6" 0x0100]
   Pad[7874 -9488 7874 -5000 2755 2000 4755 "" "7" 0x0100]
   Pad[3937 -9488 3937 -5000 2755 2000 4755 "" "8" 0x0100]
   Pad[0 -9488 0 -5000 2755 2000 4755 "" "9" 0x0100]
   Pad[-3937 -9488 -3937 -5000 2755 2000 4755 "" "10" 0x0100]
   Pad[-7874 -9488 -7874 -5000 2755 2000 4755 "" "11" 0x0100]
   ElementLine[-19045 -7767 -11751 -7767 1000]
   ElementLine[-11751 -7767 -11751 -5011 1000]
   ElementLine[-11751 -5011 -14507 -2255 1000]
   ElementLine[-14507 -2255 -14507 3255 1000]
   ElementLine[-14507 3255 -12720 3255 1000]
   ElementLine[-12720 3255 -12720 7767 1000]
   ElementLine[-12720 7767 -19045 7767 1000]
   ElementLine[-19045 7767 -19045 -7767 1000]
   ElementLine[19045 -7767 11751 -7767 1000]
   ElementLine[11751 -7767 11751 -5011 1000]
   ElementLine[11751 -5011 14507 -2255 1000]
   ElementLine[14507 -2255 14507 3255 1000]
   ElementLine[14507 3255 12720 3255 1000]
   ElementLine[12720 3255 12720 7767 1000]
   ElementLine[12720 7767 19045 7767 1000]
   ElementLine[19045 7767 19045 -7767 1000]
   Pin[-15944 0 5200 2000 7200 5200 "" "12" 0x09]
   ElementArc[-15944 0 3100 3100 60 360 1000]
   Pin[15944 0 5200 2000 7200 5200 "" "13" 0x09]
   ElementArc[15944 0 3100 3100 240 360 1000]
)
