Element[0x0 "CON__CUI_SDS-50J" "" "" 0 0 -37401 -38070 0 100 0x0]
(
   Pin[29527 -19685 7500 2000 9500 5236 "" "1" 0x01]
   Pin[0 -19685 7500 2000 9500 5236 "" "2" 0x01]
   Pin[-29527 -19685 7500 2000 9500 5236 "" "3" 0x01]
   Pin[19685 -29527 7500 2000 9500 5236 "" "4" 0x01]
   Pin[-19685 -29527 7500 2000 9500 5236 "" "5" 0x01]
   Pin[9842 19685 7500 2000 9500 5236 "" "6" 0x01]
   Pin[-9842 19685 7500 2000 9500 5236 "" "7" 0x01]
   Pin[29527 0 9300 2000 11300 9300 "" "8" 0x09]
   Pin[-29527 0 9300 2000 11300 9300 "" "9" 0x09]
   ElementLine[-25590 -31102 -39370 -31102 1000]
   ElementLine[-39370 -31102 -39370 31102 1000]
   ElementLine[-39370 31102 39370 31102 1000]
   ElementLine[39370 31102 39370 -31102 1000]
   ElementLine[39370 -31102 25590 -31102 1000]
   ElementLine[-13779 -31102 13779 -31102 1000]
   ElementLine[-38870 30602 38870 30602 1500]
   ElementLine[38870 30602 38870 29602 1500]
   ElementLine[38870 29602 -38870 29602 1500]
   ElementLine[-38870 29602 -38870 28602 1500]
   ElementLine[-38870 28602 38870 28602 1500]
   ElementLine[38870 28602 38870 27602 1500]
   ElementLine[38870 27602 -38870 27602 1500]
   ElementLine[-38870 27602 -38870 26602 1500]
   ElementLine[-38870 26602 38870 26602 1500]
   ElementLine[38870 26602 38870 25602 1500]
   ElementLine[38870 25602 -38870 25602 1500]
   ElementArc[-29527 0 5708 5708 0 360 1000]
   ElementArc[29527 0 5708 5708 0 360 1000]
   
)
