Element[0x0 "FPDI Connector" "" "" 0 0 14688 -15267 0 100 0x0]
(
   Pad[-11811 5000 -11811 9488 2755 2000 4755 "" "1" 0x0100]
   Pad[-7874 5000 -7874 9488 2755 2000 4755 "" "2" 0x0100]
   Pad[-3937 5000 -3937 9488 2755 2000 4755 "" "3" 0x0100]
   Pad[0 5000 0 9488 2755 2000 4755 "" "4" 0x0100]
   Pad[3937 5000 3937 9488 2755 2000 4755 "" "5" 0x0100]
   Pad[7874 5000 7874 9488 2755 2000 4755 "" "6" 0x0100]
   Pad[11811 5000 11811 9488 2755 2000 4755 "" "7" 0x0100]
   Pad[-9842 -9488 -9842 -5000 2755 2000 4755 "" "8" 0x0100]
   Pad[-5905 -9488 -5905 -5000 2755 2000 4755 "" "9" 0x0100]
   Pad[-1968 -9488 -1968 -5000 2755 2000 4755 "" "10" 0x0100]
   Pad[1968 -9488 1968 -5000 2755 2000 4755 "" "11" 0x0100]
   Pad[5905 -9488 5905 -5000 2755 2000 4755 "" "12" 0x0100]
   Pad[9842 -9488 9842 -5000 2755 2000 4755 "" "13" 0x0100]
   ElementLine[-19775 -8192 -13720 -8192 1000]
   ElementLine[-13720 -8192 -13720 -5437 1000]
   ElementLine[-13720 -5437 -16476 -2681 1000]
   ElementLine[-16476 -2681 -16476 2830 1000]
   ElementLine[-16476 2830 -14688 2830 1000]
   ElementLine[-14688 2830 -14688 8192 1000]
   ElementLine[-14688 8192 -19775 8192 1000]
   ElementLine[19775 -8192 13720 -8192 1000]
   ElementLine[13720 -8192 13720 -5437 1000]
   ElementLine[13720 -5437 16476 -2681 1000]
   ElementLine[16476 -2681 16476 2830 1000]
   ElementLine[16476 2830 14688 2830 1000]
   ElementLine[14688 2830 14688 8192 1000]
   ElementLine[14688 8192 19775 8192 1000]
   ElementLine[-19775 8192 -27090 8192 1000]
   ElementLine[-27090 8192 -27090 -8192 1000]
   ElementLine[-27090 -8192 -19775 -8192 1000]
   Pad[-23031 -4133 -23031 4133 5118 2000 7118 "" "14" 0x0100]
   ElementLine[19775 8192 27090 8192 1000]
   ElementLine[27090 8192 27090 -8192 1000]
   ElementLine[27090 -8192 19775 -8192 1000]
   Pad[23031 -4133 23031 4133 5118 2000 7118 "" "15" 0x0100]
)
