Element[0x0 "FPDI Connector" "" "" 0 0 16657 -15267 0 100 0x0]
(
   Pad[13779 5000 13779 9488 2755 2000 4755 "" "1" 0x0100]
   Pad[9842 5000 9842 9488 2755 2000 4755 "" "2" 0x0100]
   Pad[5905 5000 5905 9488 2755 2000 4755 "" "3" 0x0100]
   Pad[1968 5000 1968 9488 2755 2000 4755 "" "4" 0x0100]
   Pad[-1968 5000 -1968 9488 2755 2000 4755 "" "5" 0x0100]
   Pad[-5905 5000 -5905 9488 2755 2000 4755 "" "6" 0x0100]
   Pad[-9842 5000 -9842 9488 2755 2000 4755 "" "7" 0x0100]
   Pad[-13779 5000 -13779 9488 2755 2000 4755 "" "8" 0x0100]
   Pad[11811 -9488 11811 -5000 2755 2000 4755 "" "9" 0x0100]
   Pad[7874 -9488 7874 -5000 2755 2000 4755 "" "10" 0x0100]
   Pad[3937 -9488 3937 -5000 2755 2000 4755 "" "11" 0x0100]
   Pad[0 -9488 0 -5000 2755 2000 4755 "" "12" 0x0100]
   Pad[-3937 -9488 -3937 -5000 2755 2000 4755 "" "13" 0x0100]
   Pad[-7874 -9488 -7874 -5000 2755 2000 4755 "" "14" 0x0100]
   Pad[-11811 -9488 -11811 -5000 2755 2000 4755 "" "15" 0x0100]
   ElementLine[-21744 -8192 -15688 -8192 1000]
   ElementLine[-15688 -8192 -15688 -5437 1000]
   ElementLine[-15688 -5437 -18444 -2681 1000]
   ElementLine[-18444 -2681 -18444 2830 1000]
   ElementLine[-18444 2830 -16657 2830 1000]
   ElementLine[-16657 2830 -16657 8192 1000]
   ElementLine[-16657 8192 -21744 8192 1000]
   ElementLine[21744 -8192 15688 -8192 1000]
   ElementLine[15688 -8192 15688 -5437 1000]
   ElementLine[15688 -5437 18444 -2681 1000]
   ElementLine[18444 -2681 18444 2830 1000]
   ElementLine[18444 2830 16657 2830 1000]
   ElementLine[16657 2830 16657 8192 1000]
   ElementLine[16657 8192 21744 8192 1000]
   ElementLine[-21744 8192 -29059 8192 1000]
   ElementLine[-29059 8192 -29059 -8192 1000]
   ElementLine[-29059 -8192 -21744 -8192 1000]
   Pad[-25000 -4133 -25000 4133 5118 2000 7118 "" "16" 0x0100]
   ElementLine[21744 8192 29059 8192 1000]
   ElementLine[29059 8192 29059 -8192 1000]
   ElementLine[29059 -8192 21744 -8192 1000]
   Pad[25000 -4133 25000 4133 5118 2000 7118 "" "17" 0x0100]
)
