Element[0x0 "CON_BAT__Keystone_2462" "" "" 0 0 -113000 98000 0 100 0x0]
(
   Pin[107000 29500 7500 2000 9500 4600 "" "1" 0x01]
   Pin[107000 -29500 7500 2000 9500 4600 "" "2" 0x01]
   Pin[0 -29500 20000 2000 22000 15000 "" "3" 0x09]
   Pin[0 29500 20000 2000 22000 15000 "" "4" 0x09]
   ElementLine[-117150 64800 117150 64800 1000]
   ElementLine[117150 64800 117150 -64800 1000]
   ElementLine[117150 -64800 -117150 -64800 1000]
   ElementLine[-117150 -64800 -117150 64800 1000]
   ElementLine[120000 29500 124000 29500 1000]
   ElementLine[122000 27500 122000 31500 1000]
   ElementLine[120000 -29500 124000 -29500 1000]
   ElementArc[0 -29500 8000 8000 0 360 1000]
   ElementArc[0 29500 8000 8000 0 360 1000]
   
)
