Element[0x0 "CON_BAT__Keystone_2464" "" "" 0 0 -113000 98000 0 100 0x0]
(
   Pin[104000 58750 7500 2000 9500 4600 "" "1" 0x01]
   Pin[104000 8750 7500 2000 9500 4600 "" "2" 0x01]
   Pin[0 58750 20000 2000 22000 15000 "" "3" 0x09]
   Pin[0 -58750 20000 2000 22000 15000 "" "4" 0x09]
   ElementLine[-114250 95050 114050 95050 1000]
   ElementLine[114050 95050 114050 -95050 1000]
   ElementLine[114050 -95050 -114250 -95050 1000]
   ElementLine[-114250 -95050 -114250 95050 1000]
   ElementLine[116000 58750 120000 58750 1000]
   ElementLine[118000 56750 118000 60750 1000]
   ElementLine[116000 8750 120000 8750 1000]
   ElementArc[0 -58750 8000 8000 0 360 1000]
   ElementArc[0 58750 8000 8000 0 360 1000]
   
)
