Element[0x0 "TH" "" "" 0 0 -15000 -33750 0 100 0x0]
(
   Pin[-10000 24000 6600 2000 8600 4600 "" "1" 0x0101]
   Pin[0 24000 6600 2000 8600 4600 "" "2" 0x01]
   Pin[10000 24000 6600 2000 8600 4600 "" "3" 0x01]
   ElementLine[-14800 24000 -15000 24000 1000]
   ElementLine[-15000 24000 -15000 -26750 1000]
   ElementLine[-15000 -26750 15000 -26750 1000]
   ElementLine[15000 -26750 15000 24000 1000]
   ElementLine[15000 24000 14800 24000 1000]
   ElementLine[-13000 -26750 -10000 -16750 1000]
   ElementLine[-10000 -16750 -7000 -26750 1000]
)
