Element[0x0 "CON_BAT__Keystone_2460" "" "" 0 0 -110000 -41000 0 100 0x0]
(
   Pin[102350 0 7500 2000 9500 4600 "" "1" 0x01]
   Pin[-102350 0 7500 2000 9500 4600 "" "2" 0x01]
   Pin[91500 23600 15000 2000 17000 12500 "" "3" 0x09]
   Pin[-91500 -23600 15000 2000 17000 12500 "" "4" 0x09]
   ElementLine[-112200 -33250 -112200 33250 1000]
   ElementLine[-112200 33250 112200 33250 1000]
   ElementLine[112200 33250 112200 -33250 1000]
   ElementLine[112200 -33250 -112200 -33250 1000]
   ElementLine[114000 0 118000 0 1000]
   ElementLine[116000 2000 116000 -2000 1000]
   ElementLine[-114000 0 -118000 0 1000]
   ElementArc[-91500 -23600 7000 7000 0 360 1000]
   ElementArc[91500 23600 7000 7000 0 360 1000]
   
)
