Element[0x0 "TH" "" "" 0 0 12174 -17250 0 100 0x0]
(
   ElementArc[-7873 4250 500 500 0 360 2000]
   Pad[-7873 9450 -7873 10550 4400 2000 6400 "" "1" 0x0100]
   Pad[-7873 -10550 -7873 -9450 4400 2000 6400 "" "2" 0x0100]
   Pad[0 9450 0 10550 4400 2000 6400 "" "3" 0x0100]
   Pad[0 -10550 0 -9450 4400 2000 6400 "" "4" 0x0100]
   Pad[7873 9450 7873 10550 4400 2000 6400 "" "5" 0x0100]
   Pad[7873 -10550 7873 -9450 4400 2000 6400 "" "6" 0x0100]
   ElementLine[-11574 10000 -13574 10000 1000]
   ElementLine[-13574 10000 -13574 -10000 1000]
   ElementLine[-13574 -10000 -11574 -10000 1000]
   ElementLine[11574 10000 13574 10000 1000]
   ElementLine[13574 10000 13574 -10000 1000]
   ElementLine[13574 -10000 11574 -10000 1000]
   Pin[-3936 0 3500 2000 5500 3500 "" "7" 0x09]
   ElementArc[-3936 0 1750 1750 0 360 1000]
   Pin[3936 0 3500 2000 5500 3500 "" "7" 0x09]
   ElementArc[3936 0 1750 1750 0 360 1000]
)
