Element[0x0 "D2PAK__IR" "" "" 0 0 -20000 -27000 0 100 0x0]
(
   Pad[-10000 41600 -10000 48400 8200 2000 10200 "" "1" 0x0100]
   Pad[-5000 0 5000 0 35000 2000 37000 "" "2" 0x0100]
   Pad[10000 41600 10000 48400 8200 2000 10200 "" "3" 0x0100]
   ElementLine[-24000 -18500 -24000 19000 1000]
   ElementLine[-24000 19000 24000 19000 1000]
   ElementLine[24000 19000 24000 -18500 1000]
   ElementLine[24000 -18500 20000 -20500 1000]
   ElementLine[20000 -20500 -20000 -20500 1000]
   ElementLine[-20000 -20500 -24000 -18500 1000]
   ElementLine[-2000 19500 -2000 30000 2000]
   ElementLine[-2000 30000 -1000 30000 2000]
   ElementLine[-1000 30000 -1000 19500 2000]
   ElementLine[-1000 19500 0 19500 2000]
   ElementLine[0 19500 0 30000 2000]
   ElementLine[0 30000 1000 30000 2000]
   ElementLine[1000 30000 1000 19500 2000]
   ElementLine[1000 19500 2000 19500 2000]
   ElementLine[2000 19500 2000 30000 2000]
   
)
