Element[0x0 "DPAK__On-Semi" "" "" 0 0 11400 -20000 0 100 0x0]
(
   Pad[-9000 19550 -9000 25050 6300 2000 8300 "" "1" 0x0100]
   Pad[9000 19550 9000 25050 6300 2000 8300 "" "3" 0x0100]
   Pad[0 -800 0 800 22800 2000 24800 "" "4" 0x0100]
   ElementLine[-12900 13700 12900 13700 1000]
   ElementLine[12900 13700 12900 -13700 1000]
   ElementLine[12900 -13700 10400 -13700 1000]
   ElementLine[10400 -13700 8400 -15700 1000]
   ElementLine[8400 -15700 -8400 -15700 1000]
   ElementLine[-8400 -15700 -10400 -13700 1000]
   ElementLine[-10400 -13700 -12900 -13700 1000]
   ElementLine[-12900 -13700 -12900 13700 1000]
   ElementLine[-1000 14200 -1000 19200 2000]
   ElementLine[-1000 19200 -500 19200 2000]
   ElementLine[-500 19200 -500 14200 2000]
   ElementLine[-500 14200 0 14200 2000]
   ElementLine[0 14200 0 19200 2000]
   ElementLine[0 19200 500 19200 2000]
   ElementLine[500 19200 500 14200 2000]
   ElementLine[500 14200 1000 14200 2000]
   ElementLine[1000 14200 1000 19200 2000]
   
)
