Element[0x0 "IND__JWMiller_PM5022_Series" "" "" 0 0 -37007 -23503 0 100 0x0]
(
   Pad[-30511 0 -30000 0 10984 2000 12984 "" "1" 0x0100]
   Pad[30000 0 30511 0 10984 2000 12984 "" "2" 0x0100]
   ElementLine[-37007 0 -37007 7874 1000]
   ElementLine[-37007 7874 -7480 30118 1000]
   ElementLine[-7480 30118 7480 30118 1000]
   ElementLine[7480 30118 37007 7874 1000]
   ElementLine[37007 7874 37007 0 1000]
   ElementLine[-37007 0 -37007 -7874 1000]
   ElementLine[-37007 -7874 -7480 -30118 1000]
   ElementLine[-7480 -30118 7480 -30118 1000]
   ElementLine[7480 -30118 37007 -7874 1000]
   ElementLine[37007 -7874 37007 0 1000]
   ElementArc[0 0 23622 23622 0 360 1000]
   
)
