Element[0x0 "IND__TDK_SLF7032_Series" "" "" 0 0 -12992 -21535 0 100 0x0]
(
   Pad[-1377 -12598 1377 -12598 5905 2000 7905 "" "1" 0x0100]
   Pad[-1377 12598 1377 12598 5905 2000 7905 "" "2" 0x0100]
   ElementLine[5905 -14173 13779 -14173 1000]
   ElementLine[13779 -14173 13779 14173 1000]
   ElementLine[13779 14173 5905 14173 1000]
   ElementLine[-5905 -14173 -10236 -14173 1000]
   ElementLine[-10236 -14173 -10236 -10629 1000]
   ElementLine[-10236 -10629 -13779 -10629 1000]
   ElementLine[-13779 -10629 -13779 14173 1000]
   ElementLine[-13779 14173 -5905 14173 1000]
   
)
