Element[0x0 "OPTO__Fairchild_MOC70Px" "" "" 0 0 -24000 -19000 0 100 0x0]
(
   Pin[-19000 -5000 5000 2000 7000 2900 "" "1" 0x01]
   Pin[-19000 5000 5000 2000 7000 2900 "" "2" 0x01]
   Pin[19000 5000 5000 2000 7000 2900 "" "3" 0x01]
   Pin[19000 -5000 5000 2000 7000 2900 "" "4" 0x01]
   ElementLine[-25000 12000 -25000 -12000 1000]
   ElementLine[-25000 -12000 25000 -12000 1000]
   ElementLine[25000 -12000 25000 12000 1000]
   ElementLine[25000 12000 -25000 12000 1000]
   ElementLine[10500 12000 10500 -12000 1000]
   ElementLine[-10500 12000 -10500 -12000 1000]
   ElementLine[-24500 12000 -24500 -12000 1000]
   ElementLine[-24500 -12000 -24000 -12000 1000]
   ElementLine[-24000 -12000 -24000 12000 1000]
   ElementLine[-24000 12000 -23500 12000 1000]
   ElementLine[-23500 12000 -23500 -12000 1000]
   ElementLine[-23500 -12000 -23000 -12000 1000]
   ElementLine[-23000 -12000 -23000 12000 1000]
   ElementLine[-5000 -2000 2500 -2000 1000]
   ElementLine[2500 -2000 -2500 2000 1000]
   ElementLine[-2500 2000 6000 2000 1000]
   ElementLine[4000 1000 7000 2000 1000]
   ElementLine[7000 2000 4000 3000 1000]
   
)
