Element[0x0 "OPTO__Sharp_GP1S094HCZ" "" "" 0 0 -5000 -12000 0 100 0x0]
(
   Pin[8956 -3936 4500 2000 6500 2500 "" "1" 0x01]
   Pin[-8957 -3936 4500 2000 6500 2500 "" "2" 0x01]
   Pin[-8957 3936 4500 2000 6500 2500 "" "3" 0x01]
   Pin[8956 3936 4500 2000 6500 2500 "" "4" 0x01]
   ElementLine[-5000 4650 5000 4650 1000]
   ElementLine[-5000 -4650 5000 -4650 1000]
   ElementLine[-10850 -750 -10850 750 1000]
   ElementLine[10850 -750 10850 750 1000]
   ElementLine[3000 -1500 -1000 -1500 1000]
   ElementLine[-1000 -1500 1000 1500 1000]
   ElementLine[1000 1500 -3000 1500 1000]
   ElementLine[-2500 750 -5500 1500 1000]
   ElementLine[-5500 1500 -2500 2250 1000]
   
)
