Element[0x0 "pot__CTS_296U-Series" "" "" 0 0 -25100 -33200 0 100 0x0]
(
   Pin[-14800 39400 7700 2000 9700 6100 "" "1" 0x01]
   Pin[0 39400 7700 2000 9700 6100 "" "2" 0x01]
   Pin[14800 39400 7700 2000 9700 6100 "" "3" 0x01]
   Pin[21700 0 15000 2000 17000 12500 "" "4" 0x09]
   Pin[-21700 0 15000 2000 17000 12500 "" "5" 0x09]
   ElementLine[-25100 -6750 -25100 -26200 1000]
   ElementLine[-25100 -26200 25100 -26200 1000]
   ElementLine[25100 -26200 25100 -6750 1000]
   ElementLine[-25100 6750 -25100 46500 1000]
   ElementLine[-25100 46500 25100 46500 1000]
   ElementLine[25100 46500 25100 6750 1000]
   ElementArc[21700 0 6750 6750 0 360 1000]
   ElementArc[-21700 0 6750 6750 0 360 1000]
   ElementArc[0 0 11800 11800 0 360 1000]
   ElementArc[0 0 8750 8750 0 360 1000]
   
)
