Element[0x0 "POT__Bourns_3006P-Series" "" "" -500 -1000 -34500 -17000 0 100 0x0]
(
   Pin[-25000 -5000 5000 2000 7000 2900 "" "1" 0x01]
   Pin[5000 5000 5000 2000 7000 2900 "" "2" 0x01]
   Pin[25000 -5000 5000 2000 7000 2900 "" "3" 0x01]
   ElementLine[-35500 7000 -35500 -9000 3000]
   ElementLine[36500 7000 36500 -9000 3000]
   ElementLine[-35500 -10000 36500 -10000 1000]
   ElementLine[-35500 8000 2000 8000 1000]
   ElementLine[8000 8000 36500 8000 1000]
   ElementLine[38000 1500 43500 1500 1000]
   ElementLine[43500 1500 43500 1000 1000]
   ElementLine[43500 1000 38000 1000 1000]
   ElementLine[38000 1000 38000 500 1000]
   ElementLine[38000 500 43500 500 1000]
   ElementLine[43500 500 43500 1500 1000]
   ElementLine[38000 -3500 43500 -3500 1000]
   ElementLine[43500 -3500 43500 -3000 1000]
   ElementLine[43500 -3000 38000 -3000 1000]
   ElementLine[38000 -3000 38000 -2500 1000]
   ElementLine[38000 -2500 43500 -2500 1000]
   ElementLine[43500 -2500 43500 -3500 1000]
   ElementLine[39000 -2000 39000 0 4000]
   
)
