Element[0x0 "POT__CTS_296X-Series" "" "" 0 0 15000 19000 0 100 0x0]
(
   Pin[-14800 11800 7700 2000 9700 6100 "" "1" 0x01]
   Pin[0 11800 7700 2000 9700 6100 "" "2" 0x01]
   Pin[14800 11800 7700 2000 9700 6100 "" "3" 0x01]
   Pin[25150 0 15000 2000 17000 12500 "" "4" 0x09]
   Pin[-25150 0 15000 2000 17000 12500 "" "5" 0x09]
   ElementLine[-25150 7250 -25150 16100 1000]
   ElementLine[-25150 16100 -29450 16100 1000]
   ElementLine[-29450 16100 -29450 -16100 1000]
   ElementLine[-29450 -16100 -25150 -16100 1000]
   ElementLine[-25150 -16100 -25150 -7250 1000]
   ElementLine[25150 7250 25150 16100 1000]
   ElementLine[25150 16100 29450 16100 1000]
   ElementLine[29450 16100 29450 -16100 1000]
   ElementLine[29450 -16100 25150 -16100 1000]
   ElementLine[25150 -16100 25150 -7250 1000]
   ElementLine[-25150 17700 25150 17700 1000]
   ElementLine[25150 17700 25150 -7100 1000]
   ElementLine[25150 -7100 -25150 -7100 1000]
   ElementLine[-25150 -7100 -25150 17700 1000]
   ElementLine[-15000 -7100 -15000 -11100 1000]
   ElementLine[-15000 -11100 15000 -11100 1000]
   ElementLine[15000 -11100 15000 -7100 1000]
   ElementLine[-12500 -11100 -12500 -61100 1000]
   ElementLine[-12500 -61100 12500 -61100 1000]
   ElementLine[12500 -61100 12500 -11100 1000]
   ElementArc[-25150 0 6750 6750 0 360 1000]
   ElementArc[25150 0 6750 6750 0 360 1000]
   
)
