Element[0x0 "POT__Bourns_3299W-Series" "" "" 0 -4500 -15000 -17000 0 100 0x0]
(
   Pin[-10000 -4500 5000 2000 7000 2900 "" "1" 0x01]
   Pin[0 -4500 5000 2000 7000 2900 "" "2" 0x01]
   Pin[10000 -4500 5000 2000 7000 2900 "" "3" 0x01]
   ElementLine[-18250 -11500 -18250 11500 1000]
   ElementLine[-18250 11500 18250 11500 1000]
   ElementLine[18250 11500 18250 -11500 1000]
   ElementLine[18250 -11500 18250 -10000 1000]
   ElementLine[18250 -10000 -18250 -10000 1000]
   ElementLine[-17750 -11500 -17750 11500 1000]
   ElementLine[17750 -11500 17750 11500 1000]
   ElementLine[-18000 -11500 -18000 11500 1000]
   ElementLine[18000 -11500 18000 11500 1000]
   ElementLine[-14300 9200 -14300 6200 1000]
   ElementArc[-14300 7700 2000 2000 0 360 1000]
   
)
