Element[0x0 "RELAY__NAIS_JS1a" "" "" 0 0 -41000 -38500 0 100 0x0]
(
   Pin[-31900 0 7500 2000 9500 5200 "" "1" 0x0101]
   Pin[-24000 23600 7500 2000 9500 5200 "" "2" 0x01]
   Pin[24000 23600 7500 2000 9500 5200 "" "3" 0x01]
   Pin[-24000 -23600 7500 2000 9500 5200 "" "5" 0x01]
   ElementLine[-41000 31500 -41000 -31500 1000]
   ElementLine[-41000 -31500 45600 -31500 1000]
   ElementLine[45600 -31500 45600 31500 1000]
   ElementLine[45600 31500 -41000 31500 1000]
   ElementLine[-41000 -21500 -36000 -21500 1000]
   ElementLine[-31000 -31500 -31000 -26500 1000]
   ElementLine[-41000 21500 -36000 21500 1000]
   ElementLine[-31000 31500 -31000 26500 1000]
   ElementArc[-36000 -26500 1250 1250 0 360 2500]
   ElementArc[-36000 26500 1250 1250 0 360 2500]
   ElementArc[-36000 -26500 5000 5000 90 90 1000]
   ElementArc[-36000 26500 5000 5000 180 90 1000]
   
)
