Element[0x0 "SC59-95P-340L1-3N__On-Semi_318D-1-Package" "" "" 0 0 3149 -11724 0 100 0x0]
(
   Pad[-3740 4330 -3740 5118 3149 2000 5149 "" "1" 0x0100]
   Pad[3740 4330 3740 5118 3149 2000 5149 "" "2" 0x0100]
   Pad[0 -5118 0 -4330 3149 2000 5149 "" "3" 0x0100]
   ElementLine[-5610 1385 -5610 -4724 1000]
   ElementLine[-5610 -4724 -3074 -4724 1000]
   ElementLine[5610 1385 5610 -4724 1000]
   ElementLine[5610 -4724 3074 -4724 1000]
   ElementLine[-771 4724 771 4724 1000]
   ElementArc[-3740 787 250 250 0 360 500]
   
)
