Element[0x0 "SMA-520L1-260W__On-Semiconductor" "" "" 0 0 13285 -2500 0 100 0x0]
(
   Pad[-7850 0 -7850 0 7870 2000 9870 "" "1" 0x0100]
   Pad[7850 0 7850 0 7870 2000 9870 "" "2" 0x0100]
   ElementLine[-9000 -5435 -9000 -5750 1000]
   ElementLine[-9000 -5750 9000 -5750 1000]
   ElementLine[9000 -5750 9000 -5435 1000]
   ElementLine[-9000 5435 -9000 5750 1000]
   ElementLine[-9000 5750 9000 5750 1000]
   ElementLine[9000 5750 9000 5435 1000]
   ElementLine[-2415 5750 -2415 -5750 1000]
   ElementLine[-1914 5750 -1914 -5750 1000]
)
