Element[0x0 "SMB-540L1-355W__On-Semiconductor" "" "" 0 0 14450 -2500 0 100 0x0]
(
   Pad[-8700 -1150 -8700 1150 8500 2000 10500 "" "1" 0x0100]
   Pad[8700 -1150 8700 1150 8500 2000 10500 "" "2" 0x0100]
   ElementLine[-9000 -6900 -9000 -7500 1000]
   ElementLine[-9000 -7500 9000 -7500 1000]
   ElementLine[9000 -7500 9000 -6900 1000]
   ElementLine[-9000 6900 -9000 7500 1000]
   ElementLine[-9000 7500 9000 7500 1000]
   ElementLine[9000 7500 9000 6900 1000]
   ElementLine[-2950 7500 -2950 -7500 1000]
   ElementLine[-2450 7500 -2450 -7500 1000]
)
