Element[0x0 "SMC-795L1-585W__On-Semiconductor" "" "" 0 0 21050 -2500 0 100 0x0]
(
   Pad[-14050 -2000 -14050 2000 11000 2000 13000 "" "1" 0x0100]
   Pad[14050 -2000 14050 2000 11000 2000 13000 "" "2" 0x0100]
   ElementLine[-14000 -9000 -14000 -12000 1000]
   ElementLine[-14000 -12000 14000 -12000 1000]
   ElementLine[14000 -12000 14000 -9000 1000]
   ElementLine[-14000 9000 -14000 12000 1000]
   ElementLine[-14000 12000 14000 12000 1000]
   ElementLine[14000 12000 14000 9000 1000]
   ElementLine[-7050 12000 -7050 -12000 1000]
   ElementLine[-6550 12000 -6550 -12000 1000]
)
