Element[0x0 "SOD123-370L1-160W__On-Semiconductor" "" "" 0 0 9750 -2500 0 100 0x0]
(
   Pad[-6450 -600 -6450 600 3600 2000 5600 "" "1" 0x0100]
   Pad[6450 -600 6450 600 3600 2000 5600 "" "2" 0x0100]
   ElementLine[-5600 -3900 -5600 -3900 1000]
   ElementLine[-5600 -3900 5600 -3900 1000]
   ElementLine[5600 -3900 5600 -3900 1000]
   ElementLine[-5600 3900 -5600 3900 1000]
   ElementLine[-5600 3900 5600 3900 1000]
   ElementLine[5600 3900 5600 3900 1000]
   ElementLine[-3150 3900 -3150 -3900 1000]
   ElementLine[-2650 3900 -2650 -3900 1000]
)
