Element[0x0 "SOD323-250L1-125W__On-Semiconductor" "" "" 0 0 7150 -2500 0 100 0x0]
(
   Pad[-4400 -400 -4400 400 2500 2000 4500 "" "1" 0x0100]
   Pad[4400 -400 4400 400 2500 2000 4500 "" "2" 0x0100]
   ElementLine[-3500 -3150 -3500 -3150 1000]
   ElementLine[-3500 -3150 3500 -3150 1000]
   ElementLine[3500 -3150 3500 -3150 1000]
   ElementLine[-3500 3150 -3500 3150 1000]
   ElementLine[-3500 3150 3500 3150 1000]
   ElementLine[3500 3150 3500 3150 1000]
   ElementLine[-1650 3150 -1650 -3150 1000]
   ElementLine[-1150 3150 -1150 -3150 1000]
)
