Element[0x0 "SW__CK_7101SDAxx" "" "" 0 0 -25000 -32500 0 100 0x0]
(
   Pin[25000 18500 11000 2000 13000 7900 "" "1" 0x01]
   Pin[25000 0 11000 2000 13000 7900 "" "2" 0x01]
   Pin[25000 -18500 11000 2000 13000 7900 "" "3" 0x01]
   Pin[-25000 10000 11000 2000 13000 7900 "" "4" 0x09]
   Pin[-25000 -10000 11000 2000 13000 7900 "" "5" 0x09]
   ElementLine[-25500 -15000 -25500 -25500 1000]
   ElementLine[-25500 -25500 15500 -25500 1000]
   ElementLine[15500 -25500 15500 25500 1000]
   ElementLine[15500 25500 -25500 25500 1000]
   ElementLine[-25500 25500 -25500 15000 1000]
   ElementLine[-25500 -5000 -25500 5000 1000]
   ElementLine[18000 18500 16000 18500 1000]
   ElementLine[18000 0 16000 0 1000]
   ElementLine[18000 -18500 16000 -18500 1000]
   ElementLine[-28500 13000 -53800 13000 1000]
   ElementLine[-53800 13000 -53800 -13000 1000]
   ElementLine[-53800 -13000 -28500 -13000 1000]
   ElementLine[-54300 0 -76100 9800 10500]
   ElementLine[-53800 13000 -53800 -13000 1000]
   ElementLine[-53800 -13000 -52900 -13000 1000]
   ElementLine[-52900 -13000 -52900 13000 1000]
   ElementLine[-52900 13000 -52000 13000 1000]
   ElementLine[-52000 13000 -52000 -13000 1000]
   ElementLine[-52000 -13000 -51100 -13000 1000]
   ElementLine[-51100 -13000 -51100 13000 1000]
   ElementLine[-51100 13000 -50200 13000 1000]
   ElementLine[-50200 13000 -50200 -13000 1000]
   ElementLine[-50200 -13000 -49300 -13000 1000]
   ElementLine[-49300 -13000 -49300 13000 1000]
   ElementLine[-49300 13000 -48600 13000 1000]
   ElementLine[-48600 13000 -48600 -13000 1000]
   ElementArc[-25000 10000 4450 4450 0 360 1000]
   ElementArc[-25000 -10000 4450 4450 0 360 1000]
   
)
