Element[0x0 "SW__Panasonic_EG1224" "" "" 0 0 0 -20748 0 100 0x0]
(
   Pin[-15748 -4921 7500 2000 9500 4600 "" "1" 0x01]
   Pin[0 -4921 7500 2000 9500 4600 "" "2" 0x01]
   Pin[15748 -4921 7500 2000 9500 4600 "" "3" 0x01]
   Pin[-23622 11811 5200 2000 7200 5200 "" "4" 0x09]
   Pin[23622 11811 5200 2000 7200 5200 "" "5" 0x09]
   Pin[23622 -11811 5200 2000 7200 5200 "" "6" 0x09]
   Pin[-23622 -11811 5200 2000 7200 5200 "" "7" 0x09]
   ElementLine[-27952 13582 27952 13582 1000]
   ElementLine[27952 13582 27952 -13582 1000]
   ElementLine[27952 -13582 -27952 -13582 1000]
   ElementLine[-27952 -13582 -27952 13582 1000]
   ElementLine[0 13582 0 15551 1000]
   ElementLine[0 15551 1968 15551 1000]
   ElementLine[1968 15551 1968 49015 1000]
   ElementLine[1968 49015 -17716 49015 1000]
   ElementLine[-17716 49015 -17716 15551 1000]
   ElementLine[-17716 15551 -15748 15551 1000]
   ElementLine[-15748 15551 -15748 13582 1000]
   ElementLine[-15748 13582 0 13582 1000]
   ElementLine[0 15551 -15748 15551 1000]
   ElementArc[-23622 11811 3149 3149 0 360 1000]
   ElementArc[23622 11811 3149 3149 0 360 1000]
   ElementArc[23622 -11811 3149 3149 0 360 1000]
   ElementArc[-23622 -11811 3149 3149 0 360 1000]
   
)
