Element[0x0 "SW__CK_7101SDCxx" "" "" 0 0 -25000 -21000 0 100 0x0]
(
   Pin[-18500 0 11000 2000 13000 7900 "" "1" 0x01]
   Pin[0 0 11000 2000 13000 7900 "" "2" 0x01]
   Pin[18500 0 11000 2000 13000 7900 "" "3" 0x01]
   ElementLine[-25500 -14000 25500 -14000 1000]
   ElementLine[25500 -14000 25500 14000 1000]
   ElementLine[25500 14000 -25500 14000 1000]
   ElementLine[-25500 14000 -25500 -14000 1000]
   ElementLine[10500 0 8500 0 3000]
   ElementLine[-18500 -7000 -18500 -11000 1000]
   ElementLine[-19500 -7000 -17500 -7000 1000]
   ElementLine[-18500 -11000 -19500 -10000 1000]
   ElementArc[0 0 11250 11250 0 360 1500]
   
)
