Element[0x0 "SW__CK_7201SDCxx" "" "" 0 0 -25000 -30000 0 100 0x0]
(
   Pin[-18500 9500 11000 2000 13000 7900 "" "1" 0x01]
   Pin[0 9500 11000 2000 13000 7900 "" "2" 0x01]
   Pin[18500 9500 11000 2000 13000 7900 "" "3" 0x01]
   Pin[-18500 -9500 11000 2000 13000 7900 "" "4" 0x01]
   Pin[0 -9500 11000 2000 13000 7900 "" "5" 0x01]
   Pin[18500 -9500 11000 2000 13000 7900 "" "6" 0x01]
   ElementLine[-25500 -23000 25500 -23000 1000]
   ElementLine[25500 -23000 25500 23000 1000]
   ElementLine[25500 23000 -25500 23000 1000]
   ElementLine[-25500 23000 -25500 -23000 1000]
   ElementLine[10500 0 8500 0 3000]
   ElementLine[-18500 16500 -18500 20500 1000]
   ElementLine[-19500 20500 -17500 20500 1000]
   ElementLine[-18500 16500 -19500 17500 1000]
   ElementArc[0 0 11250 11250 -50 100 1500]
   ElementArc[0 0 11250 11250 130 100 1500]
   
)
